3
2
2 1
3
1 3 2
4
3 4 1 2
5
5 1 2 3 4
10
9 2 3 8 7 6 5 4 1 10
8
2 1 4 3 5 8 7 6
1000
102 1 478 171 467 837 902 933 844 503 158 142 530 574 854 234 454 429 320 799 30 971 610 365 780 198 282 753 739 760 834 239 566 618 925 675 338 262 353 482 278 34 829 137 975 845 90 372 130 522 468 84 44 941 656 710 568 871 578 161 42 78 298 389 864 385 852 850 340 377 201 683 58 481 462 472 878 384 172 644 835 590 885 484 219 279 992 370 194 327 676 519 230 199 582 654 628 496 479 949 427 186 698 87 581 896 537 272 133 953 86 167 166 196 579 685 549 927 312 690 874 633 436 411 475 706 244 632 109 325 724 546 477 895 393 651 95 480 339 114 77 307 210 807 898 57 36 177 793 1000 580 792 649 466 16 501 407 40 985 819 603 770 225 440 491 713 375 758 71 374 32 772 520 80 518 106 637 960 192 394 75 318 908 761 962 940 110 808 652 737 306 294 733 500 688 839 509 681 665 607 830 250 108 105 788 237 273 988 119 553 332 547 938 815 336 613 557 670 851 150 705 205 703 774 621 715 601 179 937 53 589 107 523 514 140 45 303 663 945 920 693 322 280 103 412 91 508 302 494 723 551 901 346 659 782 490 128 249 865 768 981 383 335 550 794 932 12 952 821 806 68 816 996 904 41 910 63 408 285 347 897 712 674 342 536 21 855 266 594 52 915 504 281 680 442 39 707 870 211 650 270 361 283 260 862 955 122 918 813 507 238 362 646 668 395 903 521 351 104 169 259 965 206 868 534 390 213 880 976 116 72 725 822 778 711 202 222 743 987 810 502 911 182 15 300 614 348 247 596 459 797 426 732 229 961 736 917 986 23 98 638 274 631 439 292 606 59 773 709 577 526 267 695 749 255 376 957 584 809 288 883 296 828 576 907 135 858 345 404 136 771 217 671 61 458 445 264 17 899 185 791 856 905 847 123 540 704 973 127 626 165 622 7 804 101 882 148 464 271 790 860 447 848 287 157 619 538 316 667 399 357 275 744 784 983 49 978 919 96 241 990 769 734 643 367 958 625 527 867 50 866 879 726 843 909 139 164 476 356 470 678 420 309 65 35 934 515 997 842 243 970 624 368 513 18 951 156 5 679 916 999 967 343 113 473 403 781 776 187 382 319 694 88 692 653 588 11 254 533 218 337 286 586 360 331 595 640 888 235 840 702 571 775 639 820 321 728 641 289 687 350 591 506 209 82 647 138 512 841 190 469 359 861 305 141 441 417 894 456 112 719 893 691 922 460 89 686 872 991 471 979 717 410 956 421 548 875 826 163 912 317 99 838 832 435 984 757 203 700 425 73 197 388 223 323 251 131 380 900 46 378 993 755 756 787 349 397 147 483 731 930 535 982 43 943 567 627 913 544 827 428 696 424 554 308 224 396 216 416 125 174 83 56 145 126 926 886 662 569 74 124 565 423 818 552 921 498 4 55 369 722 191 948 939 942 936 200 118 38 184 563 630 81 545 994 258 226 995 966 493 352 28 511 811 448 777 354 789 227 60 175 93 824 47 26 486 414 884 240 716 892 232 528 364 144 253 974 14 889 48 402 492 684 801 906 265 451 587 604 564 387 236 154 977 615 392 386 433 297 611 516 541 532 946 37 831 657 608 33 9 836 980 487 825 677 149 561 115 398 371 539 326 159 24 173 634 617 664 97 924 295 452 51 881 592 438 672 304 373 796 453 269 762 443 869 457 176 673 697 575 70 6 559 857 228 329 495 341 876 231 293 301 261 954 730 418 120 853 593 556 798 391 242 543 153 655 444 19 333 344 189 721 682 69 100 221 989 422 263 558 54 355 524 315 814 155 311 193 629 162 488 409 846 658 92 434 666 233 400 645 572 767 890 268 207 111 891 121 802 635 597 689 763 754 431 188 699 208 117 752 740 745 160 256 935 170 290 525 215 246 67 180 779 928 800 489 499 31 401 299 795 3 972 598 29 746 248 358 455 465 204 833 562 252 324 10 449 415 181 583 284 616 20 64 783 8 22 823 766 786 330 168 701 446 887 785 720 76 803 555 765 94 419 923 729 310 151 718 146 437 542 929 413 964 877 947 152 381 914 648 812 805 636 623 2 759 79 505 485 661 363 748 599 750 430 944 25 859 969 405 612 276 62 742 747 863 245 328 291 497 406 660 998 134 461 751 220 313 931 605 950 600 143 212 474 963 432 27 334 529 735 585 738 609 178 642 314 132 727 129 463 741 450 714 669 66 849 573 959 968 817 379 517 620 602 366 257 764 708 873 510 195 214 531 560 13 85 570 183 277
