100
5
1 2 3 4 5
3
3 5 6
2
5 6
2
5 5
15
920940 569606 306921 736812 778733 94547 892065 342027 82066 365906 342238 699543 576811 901111 338926
15
978939 703116 89192 647877 625019 802410 239758 287063 550953 559276 721590 209294 833777 330453 145264
8
428609 272929 324026 793111 188514 994357 992138 49344
10
444716 235573 888658 878043 365003 171614 865153 558402 201031 267137
4
538712 684291 310001 455594
6
323279 130715 627430 479143 506605 378822
4
671413 654416 617953 700164
5
349090 537967 811003 117142 61600
8
942040 17879 479029 466401 247504 295616 619702 30845
12
891683 202376 80289 452029 842773 102585 437289 405962 184447 535576 11882 938741
12
8254 9551 681 4743 8513 5687 1676 193 8071 6112 9065 3946
9
7171 331 8613 4058 3884 1970 6578 9697 8493
8
5723 6179 8298 823 9016 5471 3217 8078
11
3832 5841 7096 1389 9754 4345 1756 8458 8744 8231 5574
5
6259 1556 311 8756 15716
8
1699 6968 685 5496 2688 7205 6901 1566
10
7406 4942 2141 4036 2763 2028 2415 3013 4008 2076
15
4166 1863 1655 6854 812 5346 4727 6035 2445 3090 8951 3745 9006 5613 6961
14
9094 6970 8840 9931 1458 9765 7532 8918 8983 3341 5678 6686 6061 5461
7
1423 5290 4755 2612 6590 9264 4069
10
8181 7299 3668 1199 5649 7625 4057 2325 6189 7348
6
3865 2572 5651 2094 9870 15782
10
4351 9481 1696 7275 6510 7138 9122 6994 6415 3150
9
464 6119 2233 7133 5557 7625 5925 4969 4220
15
5752 5924 5557 1141 201 3298 9550 329 9665 7036 3178 7617 1137 9944 13583
3
9912 6413 16309
12
8071 6655 5678 2788 1954 4056 4422 914 5223 9226 9226 5243
3
3668 9567 11019
13
6539 4505 1885 5640 1441 6598 707 2993 7407 4822 4387 2991 6375
10
5495 7410 5886 5379 9003 4322 9036 3460 3231 7142
8
1264 4010 5474 1055 6686 5912 6017 1708
3
9515 3242 10625
15
7857 4504 1488 3212 8530 8806 6109 7584 4781 2030 1490 9098 6899 4217 13997
14
4025 2708 7916 3760 1715 6993 5434 8300 9260 8436 2619 2517 1613 15550
12
6715 9288 3381 2014 8324 1416 6360 1111 8221 8158 2641 6026
8
9912 1774 7703 8990 3374 1743 4331 73
9
299 7314 112 9373 646 1214 5596 2994 3671
5
5545 8637 7603 3235 9476
14
4511 7435 6140 2942 1005 1912 8931 9250 3656 3042 8388 3517 8037 9716
12
4910 8480 5883 5495 7822 9550 2854 8432 8801 7828 2246 5543
8
1132 296 2186 4660 4539 6883 7529 3651
12
1412 9718 3784 1217 6298 2389 1420 4682 7158 7267 9318 3969
5
2463 4302 1456 188 7261
10
713 1469 2953 422 4525 4169 135 8247 6596 13771
14
6668 197 3784 6887 6797 4780 9667 3969 9021 7021 5823 2939 8903 11222
3
5327 938 5989
14
5339 9537 1236 2865 8888 3571 7530 6151 5104 5974 1478 341 3835 6807
8
1728 9812 5416 3876 9449 3367 218 5004
15
8379 7017 5063 1355 1482 5678 7382 877 3525 1010 9231 9577 1775 6940 9292
7
1105 576 2042 3994 4266 2150 1841
8
3953 6583 9492 5486 8918 2359 2505 1172
15
4561 3091 812 3317 5500 7947 1411 6910 4355 4434 2499 8534 9998 699 4523
14
2122 76 2851 2693 3448 1305 1641 4193 1261 6880 4694 8628 893 8696
14
8452 446 6388 2157 6766 9900 329 3903 4060 2384 532 5443 9808 13596
5
551 1728 2174 5825 6744
7
9296 16 6304 3481 8754 159 5076
12
8727 6021 5124 5066 9361 3346 3936 4522 5665 6613 3099 1075
3
4556 8376 12660
2
2414 408
7
6324 3967 6099 8436 2719 9849 6978
7
8261 8542 6571 4338 5320 7581 466
13
6614 193 6102 753 6948 7488 7796 6114 1052 3959 8795 5292 15966
15
1766 4637 7327 8728 8252 8805 5478 1062 6502 4752 7297 5581 5903 4199 15543
8
3921 3674 3990 8120 4360 1305 7132 9295
6
4736 6255 6310 2769 305 6569
14
8943 6427 7588 8156 2267 8468 5819 924 8103 3367 9896 6044 4403 14307
13
3179 1927 2316 7433 2228 583 2609 2927 8912 3512 3704 3002 16110
3
7604 9216 14772
3
8524 2609 11133
6
3883 6296 2605 5917 3071 380
3
9465 216 9249
12
9260 7367 2308 6005 2934 7173 139 4207 7206 5040 8005 3790
4
4887 2521 6839 121
8
2754 3650 8564 704 5216 4323 1642 9693
9
7669 8995 764 5343 6351 9252 5668 9537 10107
5
5298 1746 1237 5780 5878
3
5208 6601 3473
9
1222 6949 2397 993 7025 5723 8184 8160 6253
4
1776 4941 2281 6255
7
9196 5831 7685 7334 2088 1817 14521
3
2690 3451 2041
6
8610 2766 2782 4577 6262 10277
9
1966 9525 2266 7793 1781 2740 4363 8639 2245
5
389 2405 3884 8781 9601
11
1369 3338 877 395 4471 1913 6252 7320 1224 3913 3943
8
5680 9690 1139 4143 6821 1559 5784 11676
3
309 6079 1698
9
1507 7603 3534 2865 1054 5026 1515 8977 12265
13
4590 8657 6440 9292 7304 9130 7548 559 9708 2525 4957 7772 3098
14
3992 4683 5758 6266 6584 6978 811 7771 665 1465 7142 6334 1381 3392
2
7529 5367
14
4232 8541 7294 2610 7553 9167 6916 5008 8473 8378 812 3422 8508 16302
7
2793 2106 5645 5064 4894 9650 12730
2
7455 6446
4
8449 1831 4088 10718
9
8066 5062 9853 8976 5928 629 6428 9150 6765
